$ANSIBLE_VAULT;1.1;AES256
36666431316536316661333739626437383730376337633663383664326333623165633837303033
3337363135616231613535373534666165666661613462390a383634353735336236386637323565
65303033653735373931376534323063373761613138623433316432663932353739633061356434
3635383538393365610a643465306363636435376539316661333631303833386239663138663631
30313231663965626232646163336432393365663463376265303166333936323664376364623062
30393839623665373166646431636462346430333938613932623366376635376338393233616235
62313465383538316334656266326363396566383261626135333263373839303266643331383233
64653233636166643631306437383737323331343936356664616466663635633563616364643838
64663036373065646135333665303832386664303463323363623933386630666266346462333535
35663164623033346330666264653235643539636638653335326636326235373634313965363632
64313435633933363464393032306661623535393236386237306465363264326437373862636165
39343463383264636430313733366437353437393337323936616137313964323033653266613863
35656431353635316339616234643733643030376431373030666232623431326164396535643662
30633139373938376433353261653964383262636530303739363164363133343163653566326232
30633833316264346130653662373833383830333164326234343638363239613130643838363230
62376430363766653838366263646362306137353433346530333766333361393539306430633966
36356664303938633261383461666236633437663263393733613738626637636530663633383931
64633338303862366431336638383537343839616561363564623038356237333330663533343866
39326633653435363331383630626162623563316637313637346662393333356232306364336662
32393666333038653338616235656331316364633634393632383863373266616163376436633937
62303539323262616234653838623330373465323062316332366461663935643137623638646435
36636632626139373063666532656631313632386437636235643464346630333233346335623133
62313161643437643530613161653265616566633932383336386534383233376530323830653836
39343731383932666139333034636561633562626535653031343937343737393233613739326538
31313330653030626636333263646330373566663030303138663031353538353235343636333031
36363261663663326330616663663533653539626636363338303630333539343062623635386135
31313034323362643034393065313631616437333130353634376338336364303466396263346335
65313764616330653230656261323131393934356432373436643235653761666435333432353632
34323330353334373266303631383737643639373465363834343638313762613838383864356138
33396163636531323162396434656433373362393865623230316230613630363831356134393066
30663265306135303564613939303066633934343265613962646561376630303939393366343134
62363964383334643439643939323262353662323034323833666337393033356333656332306131
65643732643664333939326462643635613162613832376430303365653137333538623439306661
33623331643266346436336638653330623032666535333430366563623166353434616165363765
65323765303830353836623661646230633332633039386332393730626639333738316239626130
30613938383130653232383666636132646633656633303364376466383032653833353439313635
30373866346466343836313564363437373766386261663630326563643737636632353932356638
64646439363231633335356461363364303036356631616233656161383332663436623831653932
39343633613364616136316135616562323736326333613864616263666462333834613864363564
32393831383832366530386239366334383366616630393530303337376335373238636232613032
33373532663230333737353166353563633831303662613730353164626466343736646564326335
39343937356631333666333631633862333864326239623636613464633630316638333465333364
38656338356463333761313063356331313938643262336262323762323730333932316437306635
32656264336164363365393531306335343261633864646530376630343562656431663036646435
31653531396330316537366131623966623430336438343136373433653232313632373165333837
63303434623964333337633061373634626433346233333639663833623037663461646536316236
38306365663036363738373938316334633032383931323839623663363032656262656464653036
63353963636136323137336232666238303465306266313032383532633130643032353061633332
37306262393766643938636633636562653533663333626263613233666330623133373564613034
63643037396533326633383062306461383635376338393766653530353662666330316334336234
30653436323735303662373832336365373865616635353462646633393562343735343036303438
36643436303461326461306232616532613731323032663933313333626534666661623563633761
32333334313337323730366161636330306631346531643863643832306261373834353864643164
33333432623664353330333131633834376638646139373431373566363138353763663161333831
33356364613138613863636365633761616437616235613265613437303264396666623766646538
31666266336564343261623834376233366564616162306638363831303034353938383937653339
30613566386561613466393463303032353665653362656239376366336531383936386666633364
38616137353863613932386463396162383562646130636135323437383964373964396631666531
39656337383636343234323030313239346434346639666338343231623463666139633033653835
61333732626138363833343964396238646238653565663661393866663730323665636566636163
65326637323061666365366538363161343733613334643762366265623736643963333233663133
37303739646130663264373364656332353230323536316330316339643034616238343465373431
62376263393736363038326236646339353265393564663837326437303264373732643865373231
32396131356332363232623538343833333066316536373337343031333637353466656132306331
34386632316562346438386135653431636231623737633436363733666232306564306432646633
30303066306439623330306261303534346334653030353263363664303135623531666532353137
33666264346439303761633733386532353765363935346533386232356432356237326664316564
36653631643530393364323937383036303132386330316137363163313363383534653039333934
61353037353831613730313361376233633964623538326365346634626265363463643561306330
38303532633462636166383335366462636233646134643963643864303038353934616237303762
34336338373537316333306364366433643031313837623835653532356236626232653833396637
65336561363837313132633731313531306433663761316432646138393231616530323637323564
35616534306162303630363136326132303463343166376664383434383764656662646630663131
32636234383930613039663966656131303263646136623138333066613130636432396635363131
62666333633032646436363034386430326430333432623034646632303963663937343631353836
31623261346530346231653539316262383238336132386239356230613661633435323861646636
32613533636230633833346233376362376130353435623536383736663535396361616632373866
35313338306132643066626165376531393533623830663365653833666431346138396231303866
61343033306337333938343530623030623664346138343736636335383166306236316636636336
32386430383432396232306263353964626532303830306631663738623366636236653865623830
31353439313037326265326664383665376433316632306230303930343231353363353237333734
30326137636561343266653337613037623064616339393732663064313933376563306565373532
31613061623336323863366338353732353939336134343162663238636264333139346662623139
33333337353764656331393264376461613533363337323538383364643633316337303036326134
39663239636336343434643763653761316238326236376139306234633163653233653262613133
39306639653463653865376130346364616633376139626263343832306239373066643231393638
66393065353861323136393736646566386536306137636438313666306634333235356634346266
34656562353035363534613463613065323237376263346134316362633234333265346563326664
33656530633736663861653438613632663639313461323863323039313630303061363238643330
64633631643134353062336266663363653139616435313438376530383239663736666230333634
31386336383232343435386564663636633635363861666131303639313934353836346263613634
64366566396236653032623062363261383333643364643536613833343139303235643934393433
39346133393636373366343461333732656362386635346564313130353737653862313963366162
37613663323335353939663334616135386137626437333265656239643064303566396631393764
61633235376438663161663037366639633632336136353363326537646265666566643164363235
61663862633963303236313338336563336563393866353038383931306333383936633034303834
3830
