$ANSIBLE_VAULT;1.1;AES256
63633432356166663332323066616464306165643535636633303065623966306136653335316663
6230393536366537666635616361373462353366366630310a663133616632656634373837356163
38303365346430653137386232626164396334643337613763396665343562343963363031373061
6666306461383035340a376539383631373837303834613636663437336236643763636663663637
38366563383339313538656332623337356131333861616464343536363234376164653433313830
30363736353436393932366530333430666666383339393561613432616463383963353964636361
65373138653138393637306365353836376264653662623831383164646661333234666662343433
32333266386530366630353231643435313230346334613232396635363138356464376230643634
64636561333837663666383437373463663133643061616564336132623937383138363631303766
63373838353439323162353739613936623662623734393838323632633832613062316665316537
64356262663662636438383862646237396661346330613165643062383332396632613061623132
61643533613333323130326537653036616633646337303035663937626465326265316635323032
35356230346466663637363937663431383838313561366562366430303362623766653334646331
36336238333336383233616665383263383535616635336139346664383039353238316166643766
66386539313431623063306237333530306266633765373633373963613463616362613930396639
35393837303165316262306234323232326638323832393066613530643434626366383165346338
38393936366332653732343437663331313465316134313762343834393532353238356633626336
34633662306530333036396637633238323963323764386464663036316335353535303761616132
37643338656537616336393466386637343139643665636537333966663633643930383337336264
66313030383330333036346630663431393936393637643166363131303138373764666630396231
34336130376337643738623830626333396138356463303761376265616430346536626663303433
64353133313430643861616530613162663332633766383539386666346133326330646535343130
30616166303064633733343365363863363666383233366634346561663730613764326464333431
65363333303339613932
